1.329536972474902878e+00
1.247851274891457196e+00
1.343717295690246782e+00
1.325070975857718825e+00
1.265054270901237121e+00
1.337106552138471072e+00
1.151969781816433391e+00
1.200326151386905904e+00
1.134403333478576581e+00
1.296679163862162865e+00
1.301259386407022545e+00
1.113513210590428626e+00
1.468075631657858926e+00
1.217741734751035532e+00
1.230377989995472543e+00
1.083601603655758305e+00
1.188982909167705992e+00
1.209751713869113177e+00
1.201465833685955609e+00
1.392604996261512573e+00
1.336981637398758194e+00
1.124356757704383813e+00
1.454536710571121993e+00
1.357994401168640897e+00
1.237039053843659309e+00
1.262620282254101944e+00
1.112124389395852342e+00
1.067598647425564096e+00
1.114128802024424214e+00
