1.022322846345900649e+00
1.757372066287027801e+00
1.692454212738058184e+00
1.297067063731204950e+00
1.264866062117902201e+00
2.012978238602725067e+00
1.030830390999472490e+00
1.064645239547892031e+00
1.058995123472171063e+00
1.284567261417701278e+00
1.145385651602403021e+00
1.104839274954687367e+00
1.058508859181067630e+00
1.242398948372878120e+00
1.141878342403374047e+00
1.425761293597999302e+00
1.046155747345297815e+00
1.159025288386924091e+00
1.820332858851903213e+00
2.037817707713156956e+00
1.934078556748749955e+00
1.622496766132706325e+00
2.548384557832318098e+00
1.555503537163538175e+00
1.502200305521371515e+00
1.082498395681990910e+00
1.149044733865732137e+00
1.233537064160955321e+00
1.078592409572166400e+00
