1.055637840409045847e+00
1.118706154624885096e+00
1.019356654855656297e+00
1.009252886024269991e+00
1.064591370687977490e+00
1.016057929929544024e+00
1.057521737744230528e+00
1.078418943944459807e+00
1.188321286659916876e+00
1.050413321726378468e+00
1.021864615501220541e+00
1.060730840302245070e+00
1.168014769753746185e+00
1.025416437061198893e+00
1.075459838092989617e+00
1.002837113149156245e+00
1.206306282425743781e+00
1.021981799164012994e+00
1.021359760593055999e+00
1.095511078359246104e+00
1.096062738503513767e+00
1.046464816148212851e+00
1.047785961771971808e+00
1.037247728648136524e+00
1.102754291708580858e+00
1.047340707097340395e+00
1.093789593135648275e+00
1.045302404188481304e+00
1.021630873342378898e+00
