1.035666224885743780e+00
1.367042698235086284e+00
1.746312668884078434e+00
1.119579173735417710e+00
1.126294076230552665e+00
1.597616311480714035e+00
1.110437037155981521e+00
1.081022998925262213e+00
1.015190317020399746e+00
1.403766452840906176e+00
1.281298994775970757e+00
1.181846829650221364e+00
1.035582658459846650e+00
1.077771544538089987e+00
1.119850081127144348e+00
1.184976601045292455e+00
1.049019482757064692e+00
1.080476268682660113e+00
1.547461845432429151e+00
1.619873458361685614e+00
1.573872346283713197e+00
1.288248155277422313e+00
1.765674374500688204e+00
1.380192275821591874e+00
1.194704865995922072e+00
1.038128787754685645e+00
1.177483251172933398e+00
1.190669133360570564e+00
1.092938922594971274e+00
