1.042863840141305509e+00
1.532658347966392220e+00
1.820687814699977869e+00
1.221920419334456387e+00
1.217041755544510551e+00
1.866453601784430871e+00
1.064840562260609858e+00
1.052016063268124357e+00
1.028467597275057210e+00
1.322294646889746739e+00
1.230028786159094611e+00
1.131079827551205286e+00
1.031370342521755523e+00
1.106823115076438269e+00
1.127614366240885291e+00
1.319823222597462209e+00
1.050172383306350765e+00
1.109111558992823987e+00
1.644723795838392011e+00
1.818253838646849641e+00
1.806474969647516859e+00
1.394717288096514185e+00
2.067580399457527474e+00
1.512543372256226260e+00
1.336091231170888571e+00
1.079132032975043787e+00
1.127056548405259484e+00
1.316758589785466116e+00
1.084382583548581414e+00
