1.361420134677533644e+00
1.254468616298641814e+00
1.350491020913452855e+00
1.182707577456423298e+00
1.311551956008760067e+00
1.368245448519119334e+00
1.119876033019918893e+00
1.221330661714642218e+00
1.111893196114078330e+00
1.083831159982774572e+00
1.439293645192865290e+00
1.075764381140482673e+00
1.400557683879782633e+00
1.125903126640286134e+00
1.182240328454701617e+00
1.088712021996977475e+00
1.149185097164976632e+00
1.076966957876279496e+00
1.185788744818373486e+00
1.243892099927102368e+00
1.189579388544458549e+00
1.186947902338559624e+00
1.307939903204440979e+00
1.321059430691196468e+00
1.111093832137457271e+00
1.194825334244386639e+00
1.036000907830808559e+00
1.113216220624257735e+00
1.035003516971225501e+00
