1.015008566831511416e+00
1.098417676515217156e+00
1.038480888777903344e+00
1.065396291816390617e+00
1.048071259255718868e+00
1.070735932456524209e+00
1.107428358386621792e+00
1.073560677282875853e+00
1.184023538398105702e+00
1.089778789238243117e+00
1.030762893923186985e+00
1.068741554690030737e+00
1.173491120863495718e+00
1.054644071575709052e+00
1.016017587222893148e+00
1.014738421762466647e+00
1.315624074331341653e+00
1.070475877209969617e+00
1.105159407202074950e+00
1.286153152443758385e+00
1.234375102291115800e+00
1.170430037190919537e+00
1.170487758579168425e+00
1.072579626955618926e+00
1.156342277728087398e+00
1.034819607819390530e+00
1.162054416061940154e+00
1.028402209966419623e+00
1.063582218852851646e+00
