1.389342587562922837e+00
1.549866177647671206e+00
2.026998714884712172e+00
1.168800686533486566e+00
1.842323809978743343e+00
2.222859392450650340e+00
1.137514209737024995e+00
1.289525462552181478e+00
1.161203516983083661e+00
1.915754063841049293e+00
2.513994529628057695e+00
1.300134658689578337e+00
1.220549195759703220e+00
1.049703186441740321e+00
1.072359609769661715e+00
1.194415652399172911e+00
1.206373648718752190e+00
1.155494748150727169e+00
1.411220206058989790e+00
2.477297504470666212e+00
2.414246404531599666e+00
1.476551400005397419e+00
3.007697935650547993e+00
1.512853674588374941e+00
1.308454695588349592e+00
1.318897408394944515e+00
1.142082459868917654e+00
1.339046051507486457e+00
1.279079627597029312e+00
