1.288890576228407081e+00
1.104420614341695694e+00
1.229077298774631677e+00
1.130459619378858749e+00
1.106036321878550277e+00
1.323104291571243873e+00
1.068006616605403192e+00
1.203165294508385719e+00
1.061697844887885767e+00
1.033492220894940194e+00
1.324860082445733056e+00
1.042599067070037577e+00
1.246192065092014412e+00
1.055964643568042316e+00
1.170404680967547462e+00
1.075488188551333435e+00
1.057013594467055784e+00
1.059558925032863419e+00
1.088778791716932481e+00
1.160697784979163760e+00
1.190872028741274180e+00
1.233427772640546038e+00
1.150860091471685998e+00
1.153811309418751652e+00
1.046385546740862482e+00
1.059431637411723193e+00
1.007126907991662712e+00
1.084073791958114708e+00
1.082952977518726767e+00
