1.013114007727402344e+00
1.173007443226089519e+00
1.127570009460920009e+00
1.240382643660749684e+00
1.188602848340017948e+00
1.436600360728897519e+00
1.064606347841469347e+00
1.066592216554333561e+00
1.103042221070949624e+00
1.117435397096982364e+00
1.042935842142698188e+00
1.052536414929204467e+00
1.166247653737321865e+00
1.098268319989183839e+00
1.073836882632123180e+00
1.061016961157518423e+00
1.138787539603807630e+00
1.073896019565279802e+00
1.335896102834074783e+00
1.506435294739464359e+00
1.368784493459131113e+00
1.293800664881036955e+00
1.321005271903075373e+00
1.128457748067134947e+00
1.228677285168272570e+00
1.090351048750892282e+00
1.219829626175139348e+00
1.104204272766943218e+00
1.074166536653266668e+00
