1.026333299805903154e+00
1.132133399541449092e+00
1.017821409883423955e+00
1.025307139171939275e+00
1.054391085802665717e+00
1.017733867786898116e+00
1.086989519443322560e+00
1.079460101668179739e+00
1.250206741464762183e+00
1.068372933660206581e+00
1.017738915465920213e+00
1.054397038203317427e+00
1.160538598154175149e+00
1.027628410144501903e+00
1.043865063772454693e+00
1.007893783762935591e+00
1.240421237254021536e+00
1.047530148699737929e+00
1.045492342379506168e+00
1.192057924804735602e+00
1.183688807053542735e+00
1.086789834282980260e+00
1.087996856945626645e+00
1.051412110187119442e+00
1.090490889067768254e+00
1.031208699443332044e+00
1.170876297572428726e+00
1.022246063854417963e+00
1.032342087881896520e+00
