1.017122254283820304e+00
1.136384335028173709e+00
1.082451638476875644e+00
1.162464474976801609e+00
1.122058771285290080e+00
1.269933375798666164e+00
1.078167684261190695e+00
1.077743232208400626e+00
1.126831594589779106e+00
1.113037594954931153e+00
1.032583354309756229e+00
1.056994298344857919e+00
1.180358092080095567e+00
1.081002771344123703e+00
1.039708330717982188e+00
1.037604578507218545e+00
1.198417995554059035e+00
1.058420775616442100e+00
1.211985788617627291e+00
1.431960975390758506e+00
1.318091274567918303e+00
1.246394925996138658e+00
1.258997828553091169e+00
1.113203189474643473e+00
1.211268474072896506e+00
1.065161379935833263e+00
1.228189873573746205e+00
1.078949608611243338e+00
1.059876397776769119e+00
