1.012122746163541809e+00
1.217476043170133915e+00
1.221963379762167623e+00
1.340595880203854673e+00
1.266695592751332811e+00
1.576043832915043907e+00
1.048339077860015678e+00
1.064235443650558777e+00
1.091689064605763093e+00
1.124809712614668777e+00
1.058793433956541241e+00
1.041144483119701647e+00
1.172375759393590622e+00
1.114178775364290663e+00
1.072422932412373520e+00
1.119077324649413896e+00
1.063579520694236891e+00
1.095708514762731456e+00
1.551903586691705694e+00
1.601318768884409272e+00
1.533032348215250362e+00
1.380088506316155650e+00
1.449596308470524564e+00
1.169095310827960033e+00
1.272301601261680348e+00
1.092568615263004528e+00
1.187558525102819118e+00
1.184382594837497082e+00
1.109935629084306985e+00
