1.019062365910333057e+00
1.709018168350740607e+00
1.505959619318611553e+00
1.311158965285262878e+00
1.303818779384125603e+00
2.075435192816657892e+00
1.025952013827544418e+00
1.080989008356048720e+00
1.055544556607103557e+00
1.228430726584444743e+00
1.088621318272174676e+00
1.067696869169198148e+00
1.091187716285302756e+00
1.286160042566816264e+00
1.122735481062220986e+00
1.359869936377029020e+00
1.033587641085481845e+00
1.153875442498220272e+00
1.863718472278159899e+00
1.934702014368379519e+00
2.048619342285646017e+00
1.671556347344738791e+00
2.190455355414642202e+00
1.528096247831576715e+00
1.408641263552764977e+00
1.080591319918550397e+00
1.137473760310625082e+00
1.205218751383773546e+00
1.086655220582122050e+00
