1.007644615211722217e+00
1.299865187141170608e+00
1.295762468842798887e+00
1.418557146171068650e+00
1.254016405109724230e+00
1.638617878622580903e+00
1.040338500709879765e+00
1.079878074827891998e+00
1.078605843722213686e+00
1.140225634861084636e+00
1.061846564392047387e+00
1.044969247127008449e+00
1.180293057795534617e+00
1.155437467942633134e+00
1.078631515091693860e+00
1.181136367473932358e+00
1.043174499870190841e+00
1.107868944710445058e+00
1.670393481010960635e+00
1.638814298982217865e+00
1.743852800278239634e+00
1.461785005057051556e+00
1.576065338621816414e+00
1.242877833642285212e+00
1.316178691685642388e+00
1.075532617485490006e+00
1.161698333315911214e+00
1.166744173521967909e+00
1.156593135074494239e+00
