1.049295925093163939e+00
1.120213594602836205e+00
1.019452766688840217e+00
1.011855582412981569e+00
1.071970455087089880e+00
1.014288385509434454e+00
1.064146416123614936e+00
1.077827343692295603e+00
1.210378819114286575e+00
1.054567086899005135e+00
1.021194660994178438e+00
1.061847140366527720e+00
1.162964149148188353e+00
1.026833431018164822e+00
1.064292179617781775e+00
1.003014316773909398e+00
1.218972456856153297e+00
1.025534829054482788e+00
1.023859991586375751e+00
1.120098206091152626e+00
1.115695336099277846e+00
1.055363688997100757e+00
1.057017345175226053e+00
1.041683766691881452e+00
1.098308481408884596e+00
1.046155967189473124e+00
1.108956843323859687e+00
1.039989179158820720e+00
1.024613803762093767e+00
