1.015395489239821591e+00
1.155150737648782178e+00
1.103532641973503869e+00
1.195587736606768203e+00
1.150096673680954806e+00
1.369305354504127603e+00
1.073834140820754346e+00
1.070055522881887766e+00
1.116429554177074790e+00
1.116420768077599934e+00
1.037081288202267526e+00
1.056356593938902577e+00
1.176215423665422755e+00
1.091370998404609161e+00
1.057796281472108246e+00
1.050677083213994667e+00
1.168529279811636901e+00
1.064574848680392316e+00
1.264199074262162492e+00
1.475806382519859072e+00
1.343215979519002845e+00
1.271280619173348114e+00
1.288194249383972201e+00
1.119224339798284173e+00
1.220736927561815399e+00
1.075767145876039388e+00
1.231910819615735342e+00
1.088797525746149741e+00
1.066454898771967530e+00
