1.121926486055826899e+00
1.223652827237099894e+00
1.617497476473581219e+00
1.129486951916773396e+00
1.218019786966018314e+00
1.055724368713562233e+00
1.323927304540239769e+00
1.171617459786514770e+00
1.129755792753334598e+00
1.040155599206971093e+00
1.177122334195227049e+00
1.331396414509405046e+00
1.101092010509453933e+00
1.197498529869864825e+00
1.124932700097891480e+00
1.171966448594231824e+00
1.183650320909222620e+00
1.275298172627498339e+00
1.072774620245391164e+00
1.421979585479131725e+00
1.217846787370157280e+00
1.060796979050866673e+00
1.456517923588423358e+00
1.168321247221902448e+00
1.380307283341903002e+00
1.091707468933529546e+00
1.054584754601510355e+00
1.244119938273262171e+00
1.065976909253235405e+00
