1.021292246470765441e+00
1.121741222424131212e+00
1.018451152119463687e+00
1.031349544924979877e+00
1.050158769519592417e+00
1.022233733505656161e+00
1.091142813019977176e+00
1.075537494185340837e+00
1.251393694680274837e+00
1.075351086566725289e+00
1.018790643574877697e+00
1.056120282269299437e+00
1.170728505775160411e+00
1.031414080321669147e+00
1.037399225941401104e+00
1.009771844180096245e+00
1.255208890666346777e+00
1.051413326720381347e+00
1.053792806122967773e+00
1.207966047281074706e+00
1.192420441471458981e+00
1.098721021307232482e+00
1.099705998162033183e+00
1.052211830938317272e+00
1.093208577859434705e+00
1.028697128668512262e+00
1.170474283522237258e+00
1.021042413325331744e+00
1.035207975925712010e+00
