1.068366856593915060e+00
1.231615679618388581e+00
1.611290860930401303e+00
1.038455083706440130e+00
1.169289514995873525e+00
1.459423482098633817e+00
1.090095834075466508e+00
1.156683190520853000e+00
1.047175876418483975e+00
1.423461161148314336e+00
1.496632761691110591e+00
1.133881245010175620e+00
1.050687242241585606e+00
1.098133043772820949e+00
1.086552010450288819e+00
1.133335973135964014e+00
1.078402522261576957e+00
1.074930596622007739e+00
1.523028569275606703e+00
1.553140792700592687e+00
1.509897492706977928e+00
1.305817369563064601e+00
1.651445754653311448e+00
1.228676385013223182e+00
1.108028285166330784e+00
1.082078186463246050e+00
1.258419003225164978e+00
1.147697817179952784e+00
1.114626855290366647e+00
