1.012743275945506616e+00
1.211294909515449270e+00
1.187051550388708687e+00
1.307689761801231532e+00
1.240057567285133278e+00
1.535732856222639775e+00
1.050932989478948754e+00
1.063657425115452915e+00
1.093877150958865840e+00
1.120513988120141580e+00
1.052721918254465150e+00
1.044052464675039316e+00
1.171415503411204595e+00
1.110463995020363859e+00
1.075155364283639114e+00
1.096485253998181753e+00
1.079656047663260399e+00
1.084681366855875018e+00
1.489265585241395407e+00
1.571769856360729412e+00
1.468540228853440155e+00
1.347286801216849739e+00
1.400292181165934791e+00
1.163593281879106600e+00
1.255071413300723471e+00
1.091581974887049666e+00
1.205243609474073496e+00
1.158097775233497551e+00
1.093822390851459270e+00
