1.013168231211991843e+00
1.104905371176983175e+00
1.026693763095090750e+00
1.059774006251446687e+00
1.046061592176987354e+00
1.049086177931229269e+00
1.108411653746448122e+00
1.076666523152592703e+00
1.219427854041356341e+00
1.079997023626298347e+00
1.025168751421402513e+00
1.068893094418843948e+00
1.184030423248481068e+00
1.048222831035705349e+00
1.023974773200250876e+00
1.009996829694391751e+00
1.344919600642416668e+00
1.065849742066218742e+00
1.075506913967948064e+00
1.245706489086034763e+00
1.212091705276403530e+00
1.139951119986740924e+00
1.138196379818322557e+00
1.060160178019481814e+00
1.128366618577004710e+00
1.032299853793315236e+00
1.164216874194272000e+00
1.022492081357880167e+00
1.061980690540345940e+00
