1.016704890765343539e+00
1.539007227034759451e+00
1.377022283275760151e+00
1.386009837810896705e+00
1.315426118975346892e+00
1.910531305984112027e+00
1.023631014783866311e+00
1.081479391733823014e+00
1.057720418767771342e+00
1.186834333631454408e+00
1.068467541743984173e+00
1.047766641432859247e+00
1.138603324875239187e+00
1.247112771276735588e+00
1.124544536345762680e+00
1.332161602642248033e+00
1.032860290151125238e+00
1.134193945822673522e+00
1.883226030702469300e+00
1.850117655101087610e+00
2.072689558658227238e+00
1.663680204747314262e+00
1.912308429239423901e+00
1.466509410564162952e+00
1.374298111378209564e+00
1.082170040030550284e+00
1.138337095815337818e+00
1.221990585270846363e+00
1.174819255040076449e+00
