1.007600954597245302e+00
1.355759888526028245e+00
1.323120653485644338e+00
1.435625320980286501e+00
1.255055287824574872e+00
1.722336334395982771e+00
1.030998957945481687e+00
1.078811295122434677e+00
1.066622574790084377e+00
1.152097058472427271e+00
1.063030638108381165e+00
1.048250607139453061e+00
1.174434778096534071e+00
1.184835544688443987e+00
1.094945050500039097e+00
1.219166915650406358e+00
1.041492428157325678e+00
1.116258800775049798e+00
1.762439490161256561e+00
1.677275944302274890e+00
1.839177798193671887e+00
1.515511801389236579e+00
1.660446714427018522e+00
1.305712657881087813e+00
1.352290065844317546e+00
1.076485655025080312e+00
1.152971721235775293e+00
1.174834418827730209e+00
1.171983223216181758e+00
