1.179891640120229068e+00
1.097485453607946360e+00
1.033846382818994325e+00
1.095326682182265143e+00
1.146461284939564340e+00
1.031079815739401884e+00
1.232430574825162051e+00
1.013262983077493073e+00
1.126789311374858382e+00
1.048690118767828583e+00
1.056823501910441054e+00
1.145467357573912048e+00
1.035781094032617311e+00
1.016091997977162098e+00
1.123187422066908914e+00
1.158988570544741581e+00
1.153516247517471616e+00
1.357225211397589115e+00
1.137273865712306486e+00
1.096527369059193457e+00
1.178185572447689289e+00
1.356398791486179922e+00
1.056658243357747828e+00
1.005516165109195281e+00
1.007857633553052912e+00
1.117782075134534869e+00
1.155831835666876417e+00
1.010060320949980772e+00
1.055555856143491011e+00
