1.224440943034217577e+00
1.051800332547234484e+00
1.175118519440286891e+00
1.076580264811588528e+00
1.044197572057752543e+00
1.152051005237202608e+00
1.091283995989636990e+00
1.269602856124380619e+00
1.127659388820024144e+00
1.046483662033153017e+00
1.146357066438931982e+00
1.087871400028010305e+00
1.209527729707936095e+00
1.020417384366770763e+00
1.128590535587328469e+00
1.039287029235766990e+00
1.089929349908244527e+00
1.068683623133519500e+00
1.027705647531365507e+00
1.035999529581330902e+00
1.072250633450719803e+00
1.306224263327539159e+00
1.081255855443972624e+00
1.094973648340918704e+00
1.007594690565829731e+00
1.045126721596934649e+00
1.055397905648599144e+00
1.117992113124133047e+00
1.009411862814276972e+00
