1.048534841488099278e+00
1.248477580328031245e+00
1.609491062844831122e+00
1.051768785466539624e+00
1.133150722846576697e+00
1.467519084994566292e+00
1.080464314014637717e+00
1.133543585447788882e+00
1.026676245686783062e+00
1.420722088641908964e+00
1.410888119932581786e+00
1.126874564295998082e+00
1.039350127108876531e+00
1.084478858949798008e+00
1.103992886287017638e+00
1.152538514239068057e+00
1.055144692604907730e+00
1.075989734338449022e+00
1.515339415624795905e+00
1.546430637099995842e+00
1.510037377308639961e+00
1.288673033428529680e+00
1.670950933422282958e+00
1.221135884404552341e+00
1.123950176080747765e+00
1.056511601227096309e+00
1.220206054936030293e+00
1.139276715300075127e+00
1.102238244692258284e+00
