1.354969613794871464e+00
1.445583696196538481e+00
1.800225932980179966e+00
1.219942670259834383e+00
1.720953238520427586e+00
2.094442780077076183e+00
1.131067353709651391e+00
1.249943393978081962e+00
1.149765873276212602e+00
1.908858749744078098e+00
1.932200723959303756e+00
1.310830336251664452e+00
1.249076723601465266e+00
1.038985137224040400e+00
1.079162575514503786e+00
1.177814345009819741e+00
1.216433980114732361e+00
1.170591850726012240e+00
1.290467266748637654e+00
2.343015404975416605e+00
2.258127602457016270e+00
1.470960140874692623e+00
2.861085192178859593e+00
1.454078434694199506e+00
1.424248018321887521e+00
1.279151142482093384e+00
1.195113482295031115e+00
1.261453852099391870e+00
1.287235331979233122e+00
