1.009874606181402346e+00
1.250957089557818147e+00
1.256492062311272084e+00
1.378546769833929098e+00
1.268464864885213927e+00
1.631836481653650361e+00
1.049160663882495959e+00
1.069850879129538246e+00
1.091733540231437871e+00
1.131707487193478912e+00
1.062751676697124115e+00
1.044773199166447286e+00
1.184223845110266238e+00
1.133536983111745888e+00
1.071462252346589761e+00
1.150265917790707082e+00
1.051045812085532383e+00
1.102324890485243625e+00
1.605547012800061513e+00
1.624623266767644125e+00
1.629579421016534191e+00
1.420702249268318784e+00
1.507848306807092920e+00
1.188708396111561649e+00
1.288265709856034835e+00
1.085626816293618013e+00
1.177413011193671810e+00
1.179988406479342222e+00
1.129994862859842186e+00
