1.013917554396138954e+00
1.102000867910060800e+00
1.031482732676351377e+00
1.062483758720859761e+00
1.047919275469794353e+00
1.056933390400280448e+00
1.108203305760534940e+00
1.075895934181568148e+00
1.201114322887803842e+00
1.084592241910906862e+00
1.028677018869409432e+00
1.071653622223077695e+00
1.180144550704144590e+00
1.052411112243777813e+00
1.019640384056692106e+00
1.011166071416700118e+00
1.334676110285404560e+00
1.068554533280077656e+00
1.087624940432793563e+00
1.263295612341233554e+00
1.220323071779658042e+00
1.155369191853061972e+00
1.153632952466657091e+00
1.064859893045212225e+00
1.140700834249728013e+00
1.033843308383023851e+00
1.159364070673397418e+00
1.024597023520747996e+00
1.066359323552073857e+00
