1.025338019651655941e+00
1.657182515199897788e+00
1.757971047878031934e+00
1.278962549741743615e+00
1.238792506988397379e+00
1.999118916971969195e+00
1.044025561061026508e+00
1.066535332638555156e+00
1.053825724966953814e+00
1.281853395549337415e+00
1.183770656848131875e+00
1.118682476728770636e+00
1.048842738696152521e+00
1.190530393086036920e+00
1.132216853488010821e+00
1.429892768880106635e+00
1.044418103278672794e+00
1.134649302411116389e+00
1.724739520664030357e+00
1.936751867235076974e+00
1.890140084245545360e+00
1.514803797602788826e+00
2.351218543886838042e+00
1.519362636400844568e+00
1.467533917790950326e+00
1.080074206573493401e+00
1.147621922298242003e+00
1.236099485625461014e+00
1.071287527114382243e+00
