1.132853610964409174e+00
1.258282830004894493e+00
1.700123059870225051e+00
1.063481393960172827e+00
1.285087016599887111e+00
1.509691840127180829e+00
1.135774541425447204e+00
1.205747805430861685e+00
1.113035744790978887e+00
1.479984712987901796e+00
1.700105325649672983e+00
1.170111685649695143e+00
1.053774117603499372e+00
1.114449653699947307e+00
1.050681904206242967e+00
1.114690761729380419e+00
1.144160867257825620e+00
1.077666387717069130e+00
1.547224908336454430e+00
1.627863488815242565e+00
1.620678423019684899e+00
1.324918131987931291e+00
1.692396443391641858e+00
1.275885750994622647e+00
1.110881782172185916e+00
1.156298003792882501e+00
1.219481797700904036e+00
1.206551243501572612e+00
1.200857246721668714e+00
