1.310200659855236704e+00
1.493948816155520998e+00
1.868719931084072527e+00
1.153028871894842045e+00
1.698837921294803488e+00
1.830178442854083487e+00
1.147792194177085445e+00
1.260856618533341855e+00
1.170207573828436542e+00
1.674669417675017646e+00
2.153897371324973609e+00
1.241290939699846607e+00
1.177335529081064092e+00
1.085533596157185032e+00
1.062282836539653275e+00
1.159834335682209838e+00
1.212928109255399400e+00
1.150470210164952212e+00
1.576364285952610800e+00
1.911206168032616226e+00
1.955329759251010824e+00
1.411673077322434411e+00
2.204497000544257901e+00
1.444316737460628275e+00
1.233623632984318652e+00
1.284539798626194829e+00
1.139392146635042957e+00
1.354321671419493889e+00
1.259050870974592895e+00
