1.332931112145219865e+00
1.372776884106078787e+00
1.664693384355593331e+00
1.276651254577212624e+00
1.631651685752979475e+00
1.907469576146883394e+00
1.148035194558205463e+00
1.175829317883148262e+00
1.163234517673285895e+00
1.859443831926551161e+00
1.616265166218247007e+00
1.307718649541078637e+00
1.313041534476770078e+00
1.032903807980477096e+00
1.108881983880039446e+00
1.147924013396575793e+00
1.234691928471196354e+00
1.210118614249964031e+00
1.259550511037463849e+00
2.043910660147797209e+00
1.970968156017964601e+00
1.420045083275454978e+00
2.436848858572044030e+00
1.433283427124301346e+00
1.549967154780936385e+00
1.273787834172878997e+00
1.205923471259165991e+00
1.198049624238181510e+00
1.302360976914348489e+00
