1.040448577638567906e+00
1.122384943229976839e+00
1.018103736913656521e+00
1.014288799175486311e+00
1.069960267080680705e+00
1.014627712669262660e+00
1.072352347039570830e+00
1.077593253290043629e+00
1.225733936972287275e+00
1.056818357470728831e+00
1.019295055887437851e+00
1.059338668583941434e+00
1.157739970806224594e+00
1.025634894838501676e+00
1.057006176944692788e+00
1.004489298570934830e+00
1.231608773511488009e+00
1.032248231717289411e+00
1.029328703619939223e+00
1.146312311176790555e+00
1.138350510175050623e+00
1.065057196509127113e+00
1.066739905252581000e+00
1.043455514270219320e+00
1.093892621915744323e+00
1.042074423288450458e+00
1.125958557594167297e+00
1.034686623892541180e+00
1.027688795444544390e+00
