1.013528404738603950e+00
1.448119396110185475e+00
1.348144232171901713e+00
1.410563831659778611e+00
1.284177169491160564e+00
1.827776221802202006e+00
1.026124990669691872e+00
1.079529771299510221e+00
1.064702029012237761e+00
1.168232275175505652e+00
1.063457304515778690e+00
1.050185435694953151e+00
1.164230829733285510e+00
1.221537467397769028e+00
1.112754377404923334e+00
1.274314135803789272e+00
1.037330439270423454e+00
1.122930674470258516e+00
1.847099647224214269e+00
1.751258372860153845e+00
1.971075320860335989e+00
1.582526690038717376e+00
1.770032022820988704e+00
1.397117693543303840e+00
1.371636957125894840e+00
1.075593878393352076e+00
1.148139016229784426e+00
1.193471636168192296e+00
1.177461101685614908e+00
