1.012793818301666482e+00
1.192808433939462898e+00
1.153078925365979002e+00
1.274844654874297101e+00
1.223072309820530279e+00
1.470619761179163376e+00
1.056444981177647069e+00
1.063762871077920336e+00
1.096805907469994512e+00
1.118264794453892375e+00
1.048195609674454243e+00
1.048631791862863150e+00
1.174252106861218614e+00
1.107294175117867985e+00
1.077214293183627492e+00
1.074386823437280425e+00
1.097993109556808733e+00
1.078890869734547397e+00
1.422657475549082617e+00
1.535875395250142494e+00
1.406327107595652492e+00
1.319278928781029370e+00
1.357607594598104095e+00
1.145185381920187151e+00
1.241630687841481562e+00
1.096410611397381718e+00
1.211551616646704410e+00
1.122730774715019919e+00
1.084831275426165753e+00
