1.308751024069056967e+00
1.214054211488898583e+00
1.325488912657363016e+00
1.226440124957380862e+00
1.203579072793583560e+00
1.277170799174085269e+00
1.121276478290673673e+00
1.234322485046860818e+00
1.110199756722302755e+00
1.190865778574311529e+00
1.345082546328410178e+00
1.091705400152441996e+00
1.422662575510767136e+00
1.150937864313592351e+00
1.234609835469570926e+00
1.090343013890494817e+00
1.170556145572395179e+00
1.128915608003334459e+00
1.162562316395809647e+00
1.294224790543576420e+00
1.246513333118007161e+00
1.158853030231516978e+00
1.327802035537247738e+00
1.323692842668641845e+00
1.151785570169714834e+00
1.203795595516114370e+00
1.085730879345307764e+00
1.082053629752080637e+00
1.056651025915404496e+00
