1.016475668539872812e+00
1.100307066179091242e+00
1.047137757585082651e+00
1.076013047679189816e+00
1.052987360861356469e+00
1.088142327055443559e+00
1.102590703465324617e+00
1.073278573904940192e+00
1.168648757683735884e+00
1.096640445574318834e+00
1.031207240511217815e+00
1.063195521679938027e+00
1.162580123137517685e+00
1.058624678327608981e+00
1.014326111211917070e+00
1.018749263249251635e+00
1.303179778552725931e+00
1.067190458453082691e+00
1.125817188719676620e+00
1.314819835082880806e+00
1.248334434418423733e+00
1.186848950443030182e+00
1.189173748832219824e+00
1.081793559089236911e+00
1.172461360111586082e+00
1.038389361982600567e+00
1.168031032204213338e+00
1.034905870656357196e+00
1.058749439103285228e+00
