1.017218071471677421e+00
1.107982362620372641e+00
1.057151679527791988e+00
1.093983613531489540e+00
1.071754970377759575e+00
1.120262764433730407e+00
1.092289192615235160e+00
1.077745770966301198e+00
1.151856760329837970e+00
1.103281185001965481e+00
1.031173257590997761e+00
1.058656157320577718e+00
1.157191543634334518e+00
1.063606389147851106e+00
1.017700657475883785e+00
1.022951767414751023e+00
1.268458911920021581e+00
1.062681990622402539e+00
1.150854669202083569e+00
1.347112443096527112e+00
1.266565257497855423e+00
1.204572036414643721e+00
1.209875029400924396e+00
1.092990737259925904e+00
1.185444081590112164e+00
1.046459802245059301e+00
1.181269798800129722e+00
1.045186256610645570e+00
1.055628382890101635e+00
