1.342408002985398863e+00
1.296610825422935154e+00
1.565930339152088679e+00
1.407946915866943760e+00
1.551314425648813833e+00
1.756781055594899721e+00
1.183030964893305281e+00
1.152303785661470181e+00
1.189034379545734543e+00
1.750956322662739151e+00
1.450925784905793270e+00
1.318840173768822455e+00
1.391128085670804815e+00
1.045860883612135694e+00
1.149061037244654582e+00
1.145034700349029766e+00
1.252661908303555727e+00
1.254006649462081402e+00
1.259065030428134335e+00
1.839532807758400113e+00
1.782174826600883000e+00
1.374341381318765265e+00
2.183801121309358884e+00
1.423764033181125432e+00
1.683019791806378507e+00
1.296359325223432446e+00
1.204643706349743493e+00
1.141217558165933177e+00
1.319851650387108943e+00
