1.097086676536229710e+00
1.228989824822539045e+00
1.651688512467473169e+00
1.045450389281583181e+00
1.217134773400306402e+00
1.477838102285273347e+00
1.108804910987025050e+00
1.186715421245109425e+00
1.076224047273614648e+00
1.435374966827437371e+00
1.606232052087473550e+00
1.151235063098450251e+00
1.049553530927185951e+00
1.107160394099215184e+00
1.062933014198174320e+00
1.124314724604329241e+00
1.104724064438692643e+00
1.071027348974049609e+00
1.537509580071990012e+00
1.587490523037408119e+00
1.554644933540101581e+00
1.316523913258031309e+00
1.657775510557003784e+00
1.248002021850444176e+00
1.101568514440043334e+00
1.114922709642431009e+00
1.262871256742636561e+00
1.166603131203675980e+00
1.136212488292686285e+00
