1.231440162694335649e+00
1.412468682310998425e+00
1.819360241955010338e+00
1.110704995721492949e+00
1.479574331419802435e+00
1.647555432282388432e+00
1.151676997376898548e+00
1.217729141891762179e+00
1.161978240569200072e+00
1.626199869049977043e+00
1.917916750172431017e+00
1.218280839185976516e+00
1.117074471858464202e+00
1.110549244616231723e+00
1.047610818149260492e+00
1.131277678252557095e+00
1.236744764170837785e+00
1.135242862818413245e+00
1.590788166179661456e+00
1.728467002682659182e+00
1.778131804506194458e+00
1.369002938444049855e+00
1.900474031816725251e+00
1.381371174774238764e+00
1.180529839544173898e+00
1.244265241883010464e+00
1.153104039217225152e+00
1.331888912967303051e+00
1.239352433343853033e+00
