1.013830647140959718e+00
1.111616726201278604e+00
1.023282655856702750e+00
1.052740975608201790e+00
1.044931506809049004e+00
1.039334343241131942e+00
1.104069917348056595e+00
1.078447581011243717e+00
1.236605611810833727e+00
1.076219396655175187e+00
1.022833330437445065e+00
1.067462418359075516e+00
1.182497716732922255e+00
1.045075858945892167e+00
1.027797708503738638e+00
1.009732039133339532e+00
1.340393126567800186e+00
1.060647337006229929e+00
1.068013650875645038e+00
1.228506075445908730e+00
1.201365588650404881e+00
1.125539045510297598e+00
1.124024374709547303e+00
1.057546607462957367e+00
1.114505656733499883e+00
1.029497068622209577e+00
1.167784630713337268e+00
1.021606896308176138e+00
1.053679382617149551e+00
