1.393754642337555527e+00
1.205351007043693246e+00
1.349153381087006220e+00
1.140610112470202386e+00
1.230084574798036456e+00
1.512952415048427479e+00
1.095826451957383485e+00
1.202895755729907146e+00
1.086135451183979583e+00
1.057023333408468435e+00
1.522325364078769949e+00
1.041008162450179020e+00
1.357191859773007270e+00
1.089638494169150373e+00
1.222834269659482276e+00
1.146493319915053100e+00
1.096547083881340257e+00
1.047800267386314044e+00
1.145222356700721811e+00
1.287035867513090626e+00
1.297653492794510477e+00
1.179619205396486015e+00
1.314852709999659419e+00
1.248612994675528665e+00
1.089499396691002708e+00
1.156936100959927494e+00
1.018172507887980416e+00
1.096091863564390811e+00
1.083544634200123813e+00
