1.172547986590696034e+00
1.311079045792605147e+00
1.756234349637677328e+00
1.079411679694036952e+00
1.357084267745876982e+00
1.553995149557464206e+00
1.142420275456397905e+00
1.203478031561306949e+00
1.137461689737684578e+00
1.556269276090432641e+00
1.793447644764811111e+00
1.188151794439251452e+00
1.078735637048876539e+00
1.113919642155702272e+00
1.047299850810555988e+00
1.117385390043092785e+00
1.193366406957452108e+00
1.102411250095164386e+00
1.553141335304188964e+00
1.657780919583440093e+00
1.677690239164769670e+00
1.342342161368841102e+00
1.764033657823277368e+00
1.314561386151634315e+00
1.138427879284017008e+00
1.199520757345196698e+00
1.177668885007789878e+00
1.256518155418785643e+00
1.226209049651234784e+00
