1.407178961576309284e+00
1.318981527066349635e+00
1.552892908080394818e+00
1.628428531042552141e+00
1.512163129670488937e+00
1.617567103498691150e+00
1.244930492742997163e+00
1.165841754320816825e+00
1.237028648403033504e+00
1.536506235277876886e+00
1.380241659963754364e+00
1.295632736001435914e+00
1.494674450487436301e+00
1.087627075536164112e+00
1.255969088915752652e+00
1.121369417682919645e+00
1.259295121562546749e+00
1.301774030146408023e+00
1.261533410718022274e+00
1.658324823697558958e+00
1.586984829547183340e+00
1.290469146496517894e+00
1.909409867703369734e+00
1.467514922469960625e+00
1.627558173079498127e+00
1.370223706548947318e+00
1.220631391223015560e+00
1.117759484922679514e+00
1.288884224239212228e+00
