1.017062432904014546e+00
1.121061368741125497e+00
1.068107954707654628e+00
1.123623585466905439e+00
1.099048738295737460e+00
1.181166478378975704e+00
1.084746028325580758e+00
1.080590035291306927e+00
1.139696783196802565e+00
1.108994796143532025e+00
1.032161602330219585e+00
1.057072690822980388e+00
1.167956209830220082e+00
1.070632355910870581e+00
1.026845207718743547e+00
1.028823542842098870e+00
1.231329630557491006e+00
1.059933910371267274e+00
1.179427362316620487e+00
1.386271643324994418e+00
1.287479752975910552e+00
1.224234693598379220e+00
1.232934737817407145e+00
1.106663711237198866e+00
1.200255750827622148e+00
1.056668690982347503e+00
1.214011377907572076e+00
1.059623368976962965e+00
1.057548650530767853e+00
