1.044743617695881754e+00
1.485859782233331705e+00
1.816218544270086444e+00
1.186541478636770286e+00
1.188473614096538178e+00
1.792094644010645776e+00
1.067783717691001222e+00
1.050159622433216811e+00
1.020329504759365902e+00
1.335134071302176650e+00
1.246492887048094689e+00
1.141469812410233375e+00
1.030408788569350476e+00
1.086442857151155517e+00
1.133091577883733381e+00
1.264479229156281859e+00
1.054349300646845178e+00
1.101239348142823760e+00
1.616817215708929334e+00
1.739453986696445797e+00
1.716772753801247386e+00
1.344537000961892215e+00
1.950284227311079421e+00
1.499102007915098511e+00
1.279870880532572919e+00
1.066435515508351140e+00
1.141441115120109373e+00
1.296619268524638269e+00
1.090722362290259317e+00
