1.017889431900300234e+00
1.609466878243804411e+00
1.427905942822459640e+00
1.348209084954736348e+00
1.316478510988330797e+00
2.040826127949083801e+00
1.024244537159991753e+00
1.079735827026407247e+00
1.055219389287015197e+00
1.205897756653770969e+00
1.073676400085553206e+00
1.053735000127664190e+00
1.115684348476264853e+00
1.269463486621758230e+00
1.122551206239638333e+00
1.346717985734737111e+00
1.031676578465543503e+00
1.145475972922573638e+00
1.871791369000067373e+00
1.936005571584180629e+00
2.144940877083872710e+00
1.706180784827968644e+00
2.049200667104348561e+00
1.488453255630499905e+00
1.368155223768692696e+00
1.083029433249614426e+00
1.138703972128380038e+00
1.211528580027681157e+00
1.116157332429525528e+00
