1.179993834518614504e+00
1.034184726289974821e+00
1.053816359089643440e+00
1.058323835652766665e+00
1.185755622908976958e+00
1.075773020170586181e+00
1.279780883983187456e+00
1.065173564057525946e+00
1.214155668388228193e+00
1.034643405012272366e+00
1.081617774095383178e+00
1.170672390731883006e+00
1.154522752157499665e+00
1.045304328853767339e+00
1.182045155324713326e+00
1.027204273052621852e+00
1.164029945089101181e+00
1.121822344347436440e+00
1.036410949649170465e+00
1.059202228125281087e+00
1.080697715294100858e+00
1.253251804848169559e+00
1.052708386441437050e+00
1.038841513010418272e+00
1.004118242168848596e+00
1.103352763519950930e+00
1.115316521596032562e+00
1.044618347956258075e+00
1.013925447261456725e+00
