1.284381269611999832e+00
1.019541159746682801e+00
1.078424001640662544e+00
1.008052729168792849e+00
1.064152440461125559e+00
1.027795091703120667e+00
1.329838991581826946e+00
1.277317232172380024e+00
1.340095801328983649e+00
1.121888574907802472e+00
1.035218340510717150e+00
1.041659516212817493e+00
1.147967649884197305e+00
1.346675771446327552e+00
1.122526635728514854e+00
1.076372514635697719e+00
1.036257702787670709e+00
1.148080148788956034e+00
1.534657163318614792e+00
1.097695113320968030e+00
1.242046892802914915e+00
1.482677656792399379e+00
1.040792669057863051e+00
1.295502621527810927e+00
1.009763816920571600e+00
1.039730654669662968e+00
1.337023020334734857e+00
1.724808886671438612e+00
1.440685349496530154e+00
