1.061792013203273655e+00
1.112637709219508331e+00
1.019461680421441363e+00
1.007825585394160894e+00
1.057130328480357040e+00
1.018193845679041143e+00
1.055115285464567565e+00
1.079530958407082242e+00
1.171878787846341696e+00
1.042164380767513165e+00
1.021300809669778875e+00
1.058286754519641049e+00
1.172358318552091827e+00
1.025234409678799530e+00
1.085964862792333063e+00
1.002309655094459018e+00
1.187875858389120243e+00
1.020351787968070578e+00
1.018953823047277218e+00
1.082224641140929533e+00
1.085063185756372617e+00
1.038422752830111762e+00
1.039503502865028572e+00
1.035370538712064192e+00
1.093775541456245781e+00
1.044460536997586786e+00
1.080543353055102518e+00
1.052165371335810784e+00
1.019743986417679382e+00
