1.244127024335327292e+00
1.043530578232029438e+00
1.038994346287934967e+00
1.066775571175469617e+00
1.220970529959640061e+00
1.010496694266935114e+00
1.255415379222230010e+00
1.069195776539713982e+00
1.178895279105748983e+00
1.097796635844309643e+00
1.027895756473436784e+00
1.035791642412779101e+00
1.042771951072977155e+00
1.015847321945302140e+00
1.056899273637206926e+00
1.122023607606738915e+00
1.039616922407019972e+00
1.239553802261794457e+00
1.252571362056829729e+00
1.055705439428416659e+00
1.082033763840594798e+00
1.384906366297225411e+00
1.031348782757047333e+00
1.065046686454850233e+00
1.038504125471871653e+00
1.088711256558690499e+00
1.420977580825582010e+00
1.040303320613210847e+00
1.168934565915796586e+00
