1.030809811142167964e+00
1.127106043525907930e+00
1.017188734276487150e+00
1.018822393660576031e+00
1.063094082822455766e+00
1.015421152202462762e+00
1.078417124541118488e+00
1.076856560698621568e+00
1.237342719487870779e+00
1.061456777230547655e+00
1.018429812424253234e+00
1.055588531714284795e+00
1.157522628416120414e+00
1.025176857718287593e+00
1.049834396092452105e+00
1.006160308892811051e+00
1.235302616557835131e+00
1.039910706293615927e+00
1.036603272484437621e+00
1.169891598702176294e+00
1.161148171631843695e+00
1.075584267067750233e+00
1.076990273629744754e+00
1.045512469901706876e+00
1.091026410676324554e+00
1.035524052682375906e+00
1.155913008622941440e+00
1.027634735985739178e+00
1.030399879810306452e+00
