1.016218161785482632e+00
1.115929532799181390e+00
1.020309729547805855e+00
1.042040494023768638e+00
1.047901051073957257e+00
1.028525720605477201e+00
1.098974073937612150e+00
1.078354692139753546e+00
1.250429138276560437e+00
1.076239232598375617e+00
1.020321412356890001e+00
1.063205198051381251e+00
1.178651063712114810e+00
1.038627489192980535e+00
1.033231557172946014e+00
1.009494974453779559e+00
1.306040122078281351e+00
1.055967188868399464e+00
1.060286057191780484e+00
1.221842489994981351e+00
1.202011896915105460e+00
1.111671373805701579e+00
1.111360511133377305e+00
1.053692613697322367e+00
1.101746216343512552e+00
1.030717678738215515e+00
1.171825536524754741e+00
1.021265773762206841e+00
1.043364704816734490e+00
