1.493896108805740752e+00
1.307604004221243565e+00
1.544715337696563662e+00
1.748110763761228093e+00
1.472668704035235310e+00
1.527384148542914044e+00
1.292935072818072850e+00
1.176455235591397752e+00
1.264718382545678255e+00
1.386664392165841475e+00
1.370140861256973874e+00
1.239916173091968110e+00
1.590232244637738157e+00
1.108610286867406813e+00
1.262390556346775661e+00
1.124505238927264283e+00
1.256452833669378988e+00
1.400012391348184781e+00
1.251987202549554867e+00
1.560879531975463141e+00
1.482071042178002340e+00
1.233511382816998125e+00
1.714398353326623603e+00
1.524352426222904455e+00
1.499531982903379301e+00
1.467120158874517744e+00
1.219040030590929469e+00
1.098357880854785806e+00
1.231084087431369323e+00
