1.021273941720413081e+00
1.790278052333813541e+00
1.595557783291476905e+00
1.299051880843284268e+00
1.293036295191819063e+00
2.040621049265582965e+00
1.027035670360571862e+00
1.071689085686186260e+00
1.057549238481304554e+00
1.260643927165877587e+00
1.114395105714393708e+00
1.087145091786091422e+00
1.070712232364234184e+00
1.273703581700732945e+00
1.132511824256955402e+00
1.374083259381382094e+00
1.040323700482841840e+00
1.158674936607308137e+00
1.850443631111252873e+00
1.998258270495746114e+00
2.002010553942009441e+00
1.665297428018375214e+00
2.396031323270425784e+00
1.572507159987780900e+00
1.458046091331710592e+00
1.080290995412622745e+00
1.150861665203880779e+00
1.216790500368093442e+00
1.079672737590604781e+00
