1.041201964401214930e+00
1.421003974536057202e+00
1.786161995255443502e+00
1.150945564701398860e+00
1.149835747844002887e+00
1.667739758267428263e+00
1.090415741614420231e+00
1.060360581458886564e+00
1.014322059924376518e+00
1.353430304458337341e+00
1.257210451689982467e+00
1.161625428898078960e+00
1.033902648283023362e+00
1.074841507704831445e+00
1.132736030526829696e+00
1.223590275479836675e+00
1.050976056353111421e+00
1.092174136339651325e+00
1.575595078671205407e+00
1.659799553408472184e+00
1.625643877389987502e+00
1.304487669469786226e+00
1.837725985990939614e+00
1.464129773149575042e+00
1.241539897979742291e+00
1.054346071233165372e+00
1.162349264883330902e+00
1.240699137719659229e+00
1.096108252811344164e+00
