1.032624218989358189e+00
1.598602575812035020e+00
1.814717315556395372e+00
1.262699604322841340e+00
1.234103561769716473e+00
1.958889902693109253e+00
1.056747038161776731e+00
1.057785724026292229e+00
1.042252789381062472e+00
1.296016242474925084e+00
1.211542959924978957e+00
1.128733748145078319e+00
1.036076748970192751e+00
1.150046677811390916e+00
1.131486655764813554e+00
1.389183008282818932e+00
1.045347588497791191e+00
1.118845789058512841e+00
1.676860188519010864e+00
1.883232198745889541e+00
1.861738193470517277e+00
1.453747428966333688e+00
2.196337546726949252e+00
1.520874714510802805e+00
1.395037273778145570e+00
1.080000525170758952e+00
1.135614192780562304e+00
1.297052081410547730e+00
1.073915180509319889e+00
