1.251948338352305568e+00
1.326724560807875930e+00
1.257726564753801179e+00
1.185211973638969907e+00
1.060926031960025773e+00
1.221475637546383108e+00
1.465976954417551159e+00
1.655724656678515760e+00
1.375644142386073687e+00
1.097838320615216690e+00
1.035234401933349480e+00
1.273809849652030479e+00
1.159488185717684194e+00
1.223866873271352684e+00
1.289404639427415677e+00
1.106563970416872156e+00
1.037921657071479542e+00
1.023853519614250640e+00
1.479959202603534196e+00
1.252518258169318610e+00
1.515329422376199719e+00
1.313164344361505087e+00
1.075842046224708914e+00
1.314514685631388513e+00
1.391008843866479827e+00
1.356931714095165775e+00
1.097986655098569742e+00
1.094283022119410198e+00
1.416263769991574772e+00
