1.391906344460463574e+00
1.287583267183373792e+00
1.418859067007155916e+00
1.457589822707812566e+00
1.349044364925269024e+00
1.432306043709247412e+00
1.207895741011165480e+00
1.187032144860604710e+00
1.184712714877501405e+00
1.327325630490528985e+00
1.323121458926648453e+00
1.158664480593160073e+00
1.536082601453856888e+00
1.161678518353826295e+00
1.261955903613648955e+00
1.085008438477395032e+00
1.215055569132316826e+00
1.312402270007588578e+00
1.231099092509904791e+00
1.487351604783735626e+00
1.406002703802203824e+00
1.148187272602734454e+00
1.581264086254351664e+00
1.430546327737276968e+00
1.338865186535641127e+00
1.358849100421323008e+00
1.169142112675240597e+00
1.073749563705658883e+00
1.158259380427684171e+00
