1.034414705466629725e+00
1.294085962567498527e+00
1.639172934497505452e+00
1.077755358696324883e+00
1.116248780773022808e+00
1.513295281233196121e+00
1.080923761948873629e+00
1.112648665522729674e+00
1.014256198888134008e+00
1.428817890817456471e+00
1.332086181057475116e+00
1.142790816083155914e+00
1.035948204974175946e+00
1.077882622433354420e+00
1.112414078753783064e+00
1.157219399156729889e+00
1.042614491131309551e+00
1.074978376664831980e+00
1.528015279348560851e+00
1.577011959879716985e+00
1.536566253818909100e+00
1.280443116553436234e+00
1.708684593402457486e+00
1.253252368269009098e+00
1.153800073803908033e+00
1.037857923309911889e+00
1.187122952259888509e+00
1.155289265912823327e+00
1.093165665847012358e+00
